(1, 2, 1)
1
(1, 2, 2)
2
(1, 2, 3)
3
(1, 2, 4)
4
(1, 2, 5)
5
(1, 2, 6)
6
(1, 2, 7)
7
(1, 2, 8)
8
(1, 2, 9)
9
(1, 2, 10)
10
(1, 2, 11)
11
(1, 2, 12)
12
(1, 2, 13)
13
(1, 2, 14)
14
(1, 2, 15)
15
(1, 2, 16)
16
(1, 2, 17)
17
(1, 2, 18)
18
(1, 2, 19)
19
(1, 2, 20)
20
(1, 2, 21)
21
(1, 2, 22)
22
(1, 2, 23)
23
(1, 2, 24)
24
(1, 3, 1)
25
(1, 3, 2)
26
(1, 3, 3)
27
(1, 3, 4)
28
(1, 3, 5)
29
(1, 3, 6)
30
(1, 3, 7)
31
(1, 3, 8)
32
(1, 3, 9)
33
(1, 3, 10)
34
(1, 3, 11)
35
(1, 3, 12)
36
(1, 3, 13)
37
(1, 3, 14)
38
(1, 3, 15)
39
(1, 3, 16)
40
(1, 3, 17)
41
(1, 3, 18)
42
(1, 3, 19)
43
(1, 3, 20)
44
(1, 3, 21)
45
(1, 3, 22)
46
(1, 3, 23)
47
(1, 3, 24)
48
(1, 5, 1)
49
(1, 5, 2)
50
(1, 5, 3)
51
(1, 5, 4)
52
(1, 5, 5)
53
(1, 5, 6)
54
(1, 5, 7)
55
(1, 5, 8)
56
(1, 5, 9)
57
(1, 5, 10)
58
(1, 5, 11)
59
(1, 5, 12)
60
(1, 5, 13)
61
(1, 5, 14)
62
(1, 5, 15)
63
(1, 5, 16)
64
(1, 5, 17)
65
(1, 5, 18)
66
(1, 5, 19)
67
(1, 5, 20)
68
(1, 5, 21)
69
(1, 5, 22)
70
(1, 5, 23)
71
(1, 5, 24)
72
(2, 4, 1)
73
(2, 4, 2)
74
(2, 4, 3)
75
(2, 4, 4)
76
(2, 4, 5)
77
(2, 4, 6)
78
(2, 4, 7)
79
(2, 4, 8)
80
(2, 4, 9)
81
(2, 4, 10)
82
(2, 4, 11)
83
(2, 4, 12)
84
(2, 4, 13)
85
(2, 4, 14)
86
(2, 4, 15)
87
(2, 4, 16)
88
(2, 4, 17)
89
(2, 4, 18)
90
(2, 4, 19)
91
(2, 4, 20)
92
(2, 4, 21)
93
(2, 4, 22)
94
(2, 4, 23)
95
(2, 4, 24)
96
(2, 6, 1)
97
(2, 6, 2)
98
(2, 6, 3)
99
(2, 6, 4)
100
(2, 6, 5)
101
(2, 6, 6)
102
(2, 6, 7)
103
(2, 6, 8)
104
(2, 6, 9)
105
(2, 6, 10)
106
(2, 6, 11)
107
(2, 6, 12)
108
(2, 6, 13)
109
(2, 6, 14)
110
(2, 6, 15)
111
(2, 6, 16)
112
(2, 6, 17)
113
(2, 6, 18)
114
(2, 6, 19)
115
(2, 6, 20)
116
(2, 6, 21)
117
(2, 6, 22)
118
(2, 6, 23)
119
(2, 6, 24)
120
(3, 9, 1)
121
(3, 9, 2)
122
(3, 9, 3)
123
(3, 9, 4)
124
(3, 9, 5)
125
(3, 9, 6)
126
(3, 9, 7)
127
(3, 9, 8)
128
(3, 9, 9)
129
(3, 9, 10)
130
(3, 9, 11)
131
(3, 9, 12)
132
(3, 9, 13)
133
(3, 9, 14)
134
(3, 9, 15)
135
(3, 9, 16)
136
(3, 9, 17)
137
(3, 9, 18)
138
(3, 9, 19)
139
(3, 9, 20)
140
(3, 9, 21)
141
(3, 9, 22)
142
(3, 9, 23)
143
(3, 9, 24)
144
(3, 24, 1)
145
(3, 24, 2)
146
(3, 24, 3)
147
(3, 24, 4)
148
(3, 24, 5)
149
(3, 24, 6)
150
(3, 24, 7)
151
(3, 24, 8)
152
(3, 24, 9)
153
(3, 24, 10)
154
(3, 24, 11)
155
(3, 24, 12)
156
(3, 24, 13)
157
(3, 24, 14)
158
(3, 24, 15)
159
(3, 24, 16)
160
(3, 24, 17)
161
(3, 24, 18)
162
(3, 24, 19)
163
(3, 24, 20)
164
(3, 24, 21)
165
(3, 24, 22)
166
(3, 24, 23)
167
(3, 24, 24)
168
(4, 9, 1)
169
(4, 9, 2)
170
(4, 9, 3)
171
(4, 9, 4)
172
(4, 9, 5)
173
(4, 9, 6)
174
(4, 9, 7)
175
(4, 9, 8)
176
(4, 9, 9)
177
(4, 9, 10)
178
(4, 9, 11)
179
(4, 9, 12)
180
(4, 9, 13)
181
(4, 9, 14)
182
(4, 9, 15)
183
(4, 9, 16)
184
(4, 9, 17)
185
(4, 9, 18)
186
(4, 9, 19)
187
(4, 9, 20)
188
(4, 9, 21)
189
(4, 9, 22)
190
(4, 9, 23)
191
(4, 9, 24)
192
(5, 10, 1)
193
(5, 10, 2)
194
(5, 10, 3)
195
(5, 10, 4)
196
(5, 10, 5)
197
(5, 10, 6)
198
(5, 10, 7)
199
(5, 10, 8)
200
(5, 10, 9)
201
(5, 10, 10)
202
(5, 10, 11)
203
(5, 10, 12)
204
(5, 10, 13)
205
(5, 10, 14)
206
(5, 10, 15)
207
(5, 10, 16)
208
(5, 10, 17)
209
(5, 10, 18)
210
(5, 10, 19)
211
(5, 10, 20)
212
(5, 10, 21)
213
(5, 10, 22)
214
(5, 10, 23)
215
(5, 10, 24)
216
(6, 10, 1)
217
(6, 10, 2)
218
(6, 10, 3)
219
(6, 10, 4)
220
(6, 10, 5)
221
(6, 10, 6)
222
(6, 10, 7)
223
(6, 10, 8)
224
(6, 10, 9)
225
(6, 10, 10)
226
(6, 10, 11)
227
(6, 10, 12)
228
(6, 10, 13)
229
(6, 10, 14)
230
(6, 10, 15)
231
(6, 10, 16)
232
(6, 10, 17)
233
(6, 10, 18)
234
(6, 10, 19)
235
(6, 10, 20)
236
(6, 10, 21)
237
(6, 10, 22)
238
(6, 10, 23)
239
(6, 10, 24)
240
(7, 8, 1)
241
(7, 8, 2)
242
(7, 8, 3)
243
(7, 8, 4)
244
(7, 8, 5)
245
(7, 8, 6)
246
(7, 8, 7)
247
(7, 8, 8)
248
(7, 8, 9)
249
(7, 8, 10)
250
(7, 8, 11)
251
(7, 8, 12)
252
(7, 8, 13)
253
(7, 8, 14)
254
(7, 8, 15)
255
(7, 8, 16)
256
(7, 8, 17)
257
(7, 8, 18)
258
(7, 8, 19)
259
(7, 8, 20)
260
(7, 8, 21)
261
(7, 8, 22)
262
(7, 8, 23)
263
(7, 8, 24)
264
(8, 9, 1)
265
(8, 9, 2)
266
(8, 9, 3)
267
(8, 9, 4)
268
(8, 9, 5)
269
(8, 9, 6)
270
(8, 9, 7)
271
(8, 9, 8)
272
(8, 9, 9)
273
(8, 9, 10)
274
(8, 9, 11)
275
(8, 9, 12)
276
(8, 9, 13)
277
(8, 9, 14)
278
(8, 9, 15)
279
(8, 9, 16)
280
(8, 9, 17)
281
(8, 9, 18)
282
(8, 9, 19)
283
(8, 9, 20)
284
(8, 9, 21)
285
(8, 9, 22)
286
(8, 9, 23)
287
(8, 9, 24)
288
(8, 10, 1)
289
(8, 10, 2)
290
(8, 10, 3)
291
(8, 10, 4)
292
(8, 10, 5)
293
(8, 10, 6)
294
(8, 10, 7)
295
(8, 10, 8)
296
(8, 10, 9)
297
(8, 10, 10)
298
(8, 10, 11)
299
(8, 10, 12)
300
(8, 10, 13)
301
(8, 10, 14)
302
(8, 10, 15)
303
(8, 10, 16)
304
(8, 10, 17)
305
(8, 10, 18)
306
(8, 10, 19)
307
(8, 10, 20)
308
(8, 10, 21)
309
(8, 10, 22)
310
(8, 10, 23)
311
(8, 10, 24)
312
(9, 11, 1)
313
(9, 11, 2)
314
(9, 11, 3)
315
(9, 11, 4)
316
(9, 11, 5)
317
(9, 11, 6)
318
(9, 11, 7)
319
(9, 11, 8)
320
(9, 11, 9)
321
(9, 11, 10)
322
(9, 11, 11)
323
(9, 11, 12)
324
(9, 11, 13)
325
(9, 11, 14)
326
(9, 11, 15)
327
(9, 11, 16)
328
(9, 11, 17)
329
(9, 11, 18)
330
(9, 11, 19)
331
(9, 11, 20)
332
(9, 11, 21)
333
(9, 11, 22)
334
(9, 11, 23)
335
(9, 11, 24)
336
(9, 12, 1)
337
(9, 12, 2)
338
(9, 12, 3)
339
(9, 12, 4)
340
(9, 12, 5)
341
(9, 12, 6)
342
(9, 12, 7)
343
(9, 12, 8)
344
(9, 12, 9)
345
(9, 12, 10)
346
(9, 12, 11)
347
(9, 12, 12)
348
(9, 12, 13)
349
(9, 12, 14)
350
(9, 12, 15)
351
(9, 12, 16)
352
(9, 12, 17)
353
(9, 12, 18)
354
(9, 12, 19)
355
(9, 12, 20)
356
(9, 12, 21)
357
(9, 12, 22)
358
(9, 12, 23)
359
(9, 12, 24)
360
(10, 11, 1)
361
(10, 11, 2)
362
(10, 11, 3)
363
(10, 11, 4)
364
(10, 11, 5)
365
(10, 11, 6)
366
(10, 11, 7)
367
(10, 11, 8)
368
(10, 11, 9)
369
(10, 11, 10)
370
(10, 11, 11)
371
(10, 11, 12)
372
(10, 11, 13)
373
(10, 11, 14)
374
(10, 11, 15)
375
(10, 11, 16)
376
(10, 11, 17)
377
(10, 11, 18)
378
(10, 11, 19)
379
(10, 11, 20)
380
(10, 11, 21)
381
(10, 11, 22)
382
(10, 11, 23)
383
(10, 11, 24)
384
(10, 12, 1)
385
(10, 12, 2)
386
(10, 12, 3)
387
(10, 12, 4)
388
(10, 12, 5)
389
(10, 12, 6)
390
(10, 12, 7)
391
(10, 12, 8)
392
(10, 12, 9)
393
(10, 12, 10)
394
(10, 12, 11)
395
(10, 12, 12)
396
(10, 12, 13)
397
(10, 12, 14)
398
(10, 12, 15)
399
(10, 12, 16)
400
(10, 12, 17)
401
(10, 12, 18)
402
(10, 12, 19)
403
(10, 12, 20)
404
(10, 12, 21)
405
(10, 12, 22)
406
(10, 12, 23)
407
(10, 12, 24)
408
(11, 13, 1)
409
(11, 13, 2)
410
(11, 13, 3)
411
(11, 13, 4)
412
(11, 13, 5)
413
(11, 13, 6)
414
(11, 13, 7)
415
(11, 13, 8)
416
(11, 13, 9)
417
(11, 13, 10)
418
(11, 13, 11)
419
(11, 13, 12)
420
(11, 13, 13)
421
(11, 13, 14)
422
(11, 13, 15)
423
(11, 13, 16)
424
(11, 13, 17)
425
(11, 13, 18)
426
(11, 13, 19)
427
(11, 13, 20)
428
(11, 13, 21)
429
(11, 13, 22)
430
(11, 13, 23)
431
(11, 13, 24)
432
(11, 14, 1)
433
(11, 14, 2)
434
(11, 14, 3)
435
(11, 14, 4)
436
(11, 14, 5)
437
(11, 14, 6)
438
(11, 14, 7)
439
(11, 14, 8)
440
(11, 14, 9)
441
(11, 14, 10)
442
(11, 14, 11)
443
(11, 14, 12)
444
(11, 14, 13)
445
(11, 14, 14)
446
(11, 14, 15)
447
(11, 14, 16)
448
(11, 14, 17)
449
(11, 14, 18)
450
(11, 14, 19)
451
(11, 14, 20)
452
(11, 14, 21)
453
(11, 14, 22)
454
(11, 14, 23)
455
(11, 14, 24)
456
(12, 13, 1)
457
(12, 13, 2)
458
(12, 13, 3)
459
(12, 13, 4)
460
(12, 13, 5)
461
(12, 13, 6)
462
(12, 13, 7)
463
(12, 13, 8)
464
(12, 13, 9)
465
(12, 13, 10)
466
(12, 13, 11)
467
(12, 13, 12)
468
(12, 13, 13)
469
(12, 13, 14)
470
(12, 13, 15)
471
(12, 13, 16)
472
(12, 13, 17)
473
(12, 13, 18)
474
(12, 13, 19)
475
(12, 13, 20)
476
(12, 13, 21)
477
(12, 13, 22)
478
(12, 13, 23)
479
(12, 13, 24)
480
(12, 23, 1)
481
(12, 23, 2)
482
(12, 23, 3)
483
(12, 23, 4)
484
(12, 23, 5)
485
(12, 23, 6)
486
(12, 23, 7)
487
(12, 23, 8)
488
(12, 23, 9)
489
(12, 23, 10)
490
(12, 23, 11)
491
(12, 23, 12)
492
(12, 23, 13)
493
(12, 23, 14)
494
(12, 23, 15)
495
(12, 23, 16)
496
(12, 23, 17)
497
(12, 23, 18)
498
(12, 23, 19)
499
(12, 23, 20)
500
(12, 23, 21)
501
(12, 23, 22)
502
(12, 23, 23)
503
(12, 23, 24)
504
(13, 23, 1)
505
(13, 23, 2)
506
(13, 23, 3)
507
(13, 23, 4)
508
(13, 23, 5)
509
(13, 23, 6)
510
(13, 23, 7)
511
(13, 23, 8)
512
(13, 23, 9)
513
(13, 23, 10)
514
(13, 23, 11)
515
(13, 23, 12)
516
(13, 23, 13)
517
(13, 23, 14)
518
(13, 23, 15)
519
(13, 23, 16)
520
(13, 23, 17)
521
(13, 23, 18)
522
(13, 23, 19)
523
(13, 23, 20)
524
(13, 23, 21)
525
(13, 23, 22)
526
(13, 23, 23)
527
(13, 23, 24)
528
(14, 16, 1)
529
(14, 16, 2)
530
(14, 16, 3)
531
(14, 16, 4)
532
(14, 16, 5)
533
(14, 16, 6)
534
(14, 16, 7)
535
(14, 16, 8)
536
(14, 16, 9)
537
(14, 16, 10)
538
(14, 16, 11)
539
(14, 16, 12)
540
(14, 16, 13)
541
(14, 16, 14)
542
(14, 16, 15)
543
(14, 16, 16)
544
(14, 16, 17)
545
(14, 16, 18)
546
(14, 16, 19)
547
(14, 16, 20)
548
(14, 16, 21)
549
(14, 16, 22)
550
(14, 16, 23)
551
(14, 16, 24)
552
(15, 16, 1)
553
(15, 16, 2)
554
(15, 16, 3)
555
(15, 16, 4)
556
(15, 16, 5)
557
(15, 16, 6)
558
(15, 16, 7)
559
(15, 16, 8)
560
(15, 16, 9)
561
(15, 16, 10)
562
(15, 16, 11)
563
(15, 16, 12)
564
(15, 16, 13)
565
(15, 16, 14)
566
(15, 16, 15)
567
(15, 16, 16)
568
(15, 16, 17)
569
(15, 16, 18)
570
(15, 16, 19)
571
(15, 16, 20)
572
(15, 16, 21)
573
(15, 16, 22)
574
(15, 16, 23)
575
(15, 16, 24)
576
(15, 21, 1)
577
(15, 21, 2)
578
(15, 21, 3)
579
(15, 21, 4)
580
(15, 21, 5)
581
(15, 21, 6)
582
(15, 21, 7)
583
(15, 21, 8)
584
(15, 21, 9)
585
(15, 21, 10)
586
(15, 21, 11)
587
(15, 21, 12)
588
(15, 21, 13)
589
(15, 21, 14)
590
(15, 21, 15)
591
(15, 21, 16)
592
(15, 21, 17)
593
(15, 21, 18)
594
(15, 21, 19)
595
(15, 21, 20)
596
(15, 21, 21)
597
(15, 21, 22)
598
(15, 21, 23)
599
(15, 21, 24)
600
(15, 24, 1)
601
(15, 24, 2)
602
(15, 24, 3)
603
(15, 24, 4)
604
(15, 24, 5)
605
(15, 24, 6)
606
(15, 24, 7)
607
(15, 24, 8)
608
(15, 24, 9)
609
(15, 24, 10)
610
(15, 24, 11)
611
(15, 24, 12)
612
(15, 24, 13)
613
(15, 24, 14)
614
(15, 24, 15)
615
(15, 24, 16)
616
(15, 24, 17)
617
(15, 24, 18)
618
(15, 24, 19)
619
(15, 24, 20)
620
(15, 24, 21)
621
(15, 24, 22)
622
(15, 24, 23)
623
(15, 24, 24)
624
(16, 17, 1)
625
(16, 17, 2)
626
(16, 17, 3)
627
(16, 17, 4)
628
(16, 17, 5)
629
(16, 17, 6)
630
(16, 17, 7)
631
(16, 17, 8)
632
(16, 17, 9)
633
(16, 17, 10)
634
(16, 17, 11)
635
(16, 17, 12)
636
(16, 17, 13)
637
(16, 17, 14)
638
(16, 17, 15)
639
(16, 17, 16)
640
(16, 17, 17)
641
(16, 17, 18)
642
(16, 17, 19)
643
(16, 17, 20)
644
(16, 17, 21)
645
(16, 17, 22)
646
(16, 17, 23)
647
(16, 17, 24)
648
(16, 19, 1)
649
(16, 19, 2)
650
(16, 19, 3)
651
(16, 19, 4)
652
(16, 19, 5)
653
(16, 19, 6)
654
(16, 19, 7)
655
(16, 19, 8)
656
(16, 19, 9)
657
(16, 19, 10)
658
(16, 19, 11)
659
(16, 19, 12)
660
(16, 19, 13)
661
(16, 19, 14)
662
(16, 19, 15)
663
(16, 19, 16)
664
(16, 19, 17)
665
(16, 19, 18)
666
(16, 19, 19)
667
(16, 19, 20)
668
(16, 19, 21)
669
(16, 19, 22)
670
(16, 19, 23)
671
(16, 19, 24)
672
(17, 18, 1)
673
(17, 18, 2)
674
(17, 18, 3)
675
(17, 18, 4)
676
(17, 18, 5)
677
(17, 18, 6)
678
(17, 18, 7)
679
(17, 18, 8)
680
(17, 18, 9)
681
(17, 18, 10)
682
(17, 18, 11)
683
(17, 18, 12)
684
(17, 18, 13)
685
(17, 18, 14)
686
(17, 18, 15)
687
(17, 18, 16)
688
(17, 18, 17)
689
(17, 18, 18)
690
(17, 18, 19)
691
(17, 18, 20)
692
(17, 18, 21)
693
(17, 18, 22)
694
(17, 18, 23)
695
(17, 18, 24)
696
(17, 22, 1)
697
(17, 22, 2)
698
(17, 22, 3)
699
(17, 22, 4)
700
(17, 22, 5)
701
(17, 22, 6)
702
(17, 22, 7)
703
(17, 22, 8)
704
(17, 22, 9)
705
(17, 22, 10)
706
(17, 22, 11)
707
(17, 22, 12)
708
(17, 22, 13)
709
(17, 22, 14)
710
(17, 22, 15)
711
(17, 22, 16)
712
(17, 22, 17)
713
(17, 22, 18)
714
(17, 22, 19)
715
(17, 22, 20)
716
(17, 22, 21)
717
(17, 22, 22)
718
(17, 22, 23)
719
(17, 22, 24)
720
(18, 21, 1)
721
(18, 21, 2)
722
(18, 21, 3)
723
(18, 21, 4)
724
(18, 21, 5)
725
(18, 21, 6)
726
(18, 21, 7)
727
(18, 21, 8)
728
(18, 21, 9)
729
(18, 21, 10)
730
(18, 21, 11)
731
(18, 21, 12)
732
(18, 21, 13)
733
(18, 21, 14)
734
(18, 21, 15)
735
(18, 21, 16)
736
(18, 21, 17)
737
(18, 21, 18)
738
(18, 21, 19)
739
(18, 21, 20)
740
(18, 21, 21)
741
(18, 21, 22)
742
(18, 21, 23)
743
(18, 21, 24)
744
(19, 20, 1)
745
(19, 20, 2)
746
(19, 20, 3)
747
(19, 20, 4)
748
(19, 20, 5)
749
(19, 20, 6)
750
(19, 20, 7)
751
(19, 20, 8)
752
(19, 20, 9)
753
(19, 20, 10)
754
(19, 20, 11)
755
(19, 20, 12)
756
(19, 20, 13)
757
(19, 20, 14)
758
(19, 20, 15)
759
(19, 20, 16)
760
(19, 20, 17)
761
(19, 20, 18)
762
(19, 20, 19)
763
(19, 20, 20)
764
(19, 20, 21)
765
(19, 20, 22)
766
(19, 20, 23)
767
(19, 20, 24)
768
(20, 23, 1)
769
(20, 23, 2)
770
(20, 23, 3)
771
(20, 23, 4)
772
(20, 23, 5)
773
(20, 23, 6)
774
(20, 23, 7)
775
(20, 23, 8)
776
(20, 23, 9)
777
(20, 23, 10)
778
(20, 23, 11)
779
(20, 23, 12)
780
(20, 23, 13)
781
(20, 23, 14)
782
(20, 23, 15)
783
(20, 23, 16)
784
(20, 23, 17)
785
(20, 23, 18)
786
(20, 23, 19)
787
(20, 23, 20)
788
(20, 23, 21)
789
(20, 23, 22)
790
(20, 23, 23)
791
(20, 23, 24)
792
(21, 22, 1)
793
(21, 22, 2)
794
(21, 22, 3)
795
(21, 22, 4)
796
(21, 22, 5)
797
(21, 22, 6)
798
(21, 22, 7)
799
(21, 22, 8)
800
(21, 22, 9)
801
(21, 22, 10)
802
(21, 22, 11)
803
(21, 22, 12)
804
(21, 22, 13)
805
(21, 22, 14)
806
(21, 22, 15)
807
(21, 22, 16)
808
(21, 22, 17)
809
(21, 22, 18)
810
(21, 22, 19)
811
(21, 22, 20)
812
(21, 22, 21)
813
(21, 22, 22)
814
(21, 22, 23)
815
(21, 22, 24)
816
(1, 2, 1)
817
(1, 2, 2)
818
(1, 2, 3)
819
(1, 2, 4)
820
(1, 2, 5)
821
(1, 2, 6)
822
(1, 2, 7)
823
(1, 2, 8)
824
(1, 2, 9)
825
(1, 2, 10)
826
(1, 2, 11)
827
(1, 2, 12)
828
(1, 2, 13)
829
(1, 2, 14)
830
(1, 2, 15)
831
(1, 2, 16)
832
(1, 2, 17)
833
(1, 2, 18)
834
(1, 2, 19)
835
(1, 2, 20)
836
(1, 2, 21)
837
(1, 2, 22)
838
(1, 2, 23)
839
(1, 2, 24)
840
(1, 3, 1)
841
(1, 3, 2)
842
(1, 3, 3)
843
(1, 3, 4)
844
(1, 3, 5)
845
(1, 3, 6)
846
(1, 3, 7)
847
(1, 3, 8)
848
(1, 3, 9)
849
(1, 3, 10)
850
(1, 3, 11)
851
(1, 3, 12)
852
(1, 3, 13)
853
(1, 3, 14)
854
(1, 3, 15)
855
(1, 3, 16)
856
(1, 3, 17)
857
(1, 3, 18)
858
(1, 3, 19)
859
(1, 3, 20)
860
(1, 3, 21)
861
(1, 3, 22)
862
(1, 3, 23)
863
(1, 3, 24)
864
(1, 5, 1)
865
(1, 5, 2)
866
(1, 5, 3)
867
(1, 5, 4)
868
(1, 5, 5)
869
(1, 5, 6)
870
(1, 5, 7)
871
(1, 5, 8)
872
(1, 5, 9)
873
(1, 5, 10)
874
(1, 5, 11)
875
(1, 5, 12)
876
(1, 5, 13)
877
(1, 5, 14)
878
(1, 5, 15)
879
(1, 5, 16)
880
(1, 5, 17)
881
(1, 5, 18)
882
(1, 5, 19)
883
(1, 5, 20)
884
(1, 5, 21)
885
(1, 5, 22)
886
(1, 5, 23)
887
(1, 5, 24)
888
(2, 4, 1)
889
(2, 4, 2)
890
(2, 4, 3)
891
(2, 4, 4)
892
(2, 4, 5)
893
(2, 4, 6)
894
(2, 4, 7)
895
(2, 4, 8)
896
(2, 4, 9)
897
(2, 4, 10)
898
(2, 4, 11)
899
(2, 4, 12)
900
(2, 4, 13)
901
(2, 4, 14)
902
(2, 4, 15)
903
(2, 4, 16)
904
(2, 4, 17)
905
(2, 4, 18)
906
(2, 4, 19)
907
(2, 4, 20)
908
(2, 4, 21)
909
(2, 4, 22)
910
(2, 4, 23)
911
(2, 4, 24)
912
(2, 6, 1)
913
(2, 6, 2)
914
(2, 6, 3)
915
(2, 6, 4)
916
(2, 6, 5)
917
(2, 6, 6)
918
(2, 6, 7)
919
(2, 6, 8)
920
(2, 6, 9)
921
(2, 6, 10)
922
(2, 6, 11)
923
(2, 6, 12)
924
(2, 6, 13)
925
(2, 6, 14)
926
(2, 6, 15)
927
(2, 6, 16)
928
(2, 6, 17)
929
(2, 6, 18)
930
(2, 6, 19)
931
(2, 6, 20)
932
(2, 6, 21)
933
(2, 6, 22)
934
(2, 6, 23)
935
(2, 6, 24)
936
(3, 9, 1)
937
(3, 9, 2)
938
(3, 9, 3)
939
(3, 9, 4)
940
(3, 9, 5)
941
(3, 9, 6)
942
(3, 9, 7)
943
(3, 9, 8)
944
(3, 9, 9)
945
(3, 9, 10)
946
(3, 9, 11)
947
(3, 9, 12)
948
(3, 9, 13)
949
(3, 9, 14)
950
(3, 9, 15)
951
(3, 9, 16)
952
(3, 9, 17)
953
(3, 9, 18)
954
(3, 9, 19)
955
(3, 9, 20)
956
(3, 9, 21)
957
(3, 9, 22)
958
(3, 9, 23)
959
(3, 9, 24)
960
(3, 24, 1)
961
(3, 24, 2)
962
(3, 24, 3)
963
(3, 24, 4)
964
(3, 24, 5)
965
(3, 24, 6)
966
(3, 24, 7)
967
(3, 24, 8)
968
(3, 24, 9)
969
(3, 24, 10)
970
(3, 24, 11)
971
(3, 24, 12)
972
(3, 24, 13)
973
(3, 24, 14)
974
(3, 24, 15)
975
(3, 24, 16)
976
(3, 24, 17)
977
(3, 24, 18)
978
(3, 24, 19)
979
(3, 24, 20)
980
(3, 24, 21)
981
(3, 24, 22)
982
(3, 24, 23)
983
(3, 24, 24)
984
(4, 9, 1)
985
(4, 9, 2)
986
(4, 9, 3)
987
(4, 9, 4)
988
(4, 9, 5)
989
(4, 9, 6)
990
(4, 9, 7)
991
(4, 9, 8)
992
(4, 9, 9)
993
(4, 9, 10)
994
(4, 9, 11)
995
(4, 9, 12)
996
(4, 9, 13)
997
(4, 9, 14)
998
(4, 9, 15)
999
(4, 9, 16)
1000
(4, 9, 17)
1001
(4, 9, 18)
1002
(4, 9, 19)
1003
(4, 9, 20)
1004
(4, 9, 21)
1005
(4, 9, 22)
1006
(4, 9, 23)
1007
(4, 9, 24)
1008
(5, 10, 1)
1009
(5, 10, 2)
1010
(5, 10, 3)
1011
(5, 10, 4)
1012
(5, 10, 5)
1013
(5, 10, 6)
1014
(5, 10, 7)
1015
(5, 10, 8)
1016
(5, 10, 9)
1017
(5, 10, 10)
1018
(5, 10, 11)
1019
(5, 10, 12)
1020
(5, 10, 13)
1021
(5, 10, 14)
1022
(5, 10, 15)
1023
(5, 10, 16)
1024
(5, 10, 17)
1025
(5, 10, 18)
1026
(5, 10, 19)
1027
(5, 10, 20)
1028
(5, 10, 21)
1029
(5, 10, 22)
1030
(5, 10, 23)
1031
(5, 10, 24)
1032
(6, 10, 1)
1033
(6, 10, 2)
1034
(6, 10, 3)
1035
(6, 10, 4)
1036
(6, 10, 5)
1037
(6, 10, 6)
1038
(6, 10, 7)
1039
(6, 10, 8)
1040
(6, 10, 9)
1041
(6, 10, 10)
1042
(6, 10, 11)
1043
(6, 10, 12)
1044
(6, 10, 13)
1045
(6, 10, 14)
1046
(6, 10, 15)
1047
(6, 10, 16)
1048
(6, 10, 17)
1049
(6, 10, 18)
1050
(6, 10, 19)
1051
(6, 10, 20)
1052
(6, 10, 21)
1053
(6, 10, 22)
1054
(6, 10, 23)
1055
(6, 10, 24)
1056
(7, 8, 1)
1057
(7, 8, 2)
1058
(7, 8, 3)
1059
(7, 8, 4)
1060
(7, 8, 5)
1061
(7, 8, 6)
1062
(7, 8, 7)
1063
(7, 8, 8)
1064
(7, 8, 9)
1065
(7, 8, 10)
1066
(7, 8, 11)
1067
(7, 8, 12)
1068
(7, 8, 13)
1069
(7, 8, 14)
1070
(7, 8, 15)
1071
(7, 8, 16)
1072
(7, 8, 17)
1073
(7, 8, 18)
1074
(7, 8, 19)
1075
(7, 8, 20)
1076
(7, 8, 21)
1077
(7, 8, 22)
1078
(7, 8, 23)
1079
(7, 8, 24)
1080
(8, 9, 1)
1081
(8, 9, 2)
1082
(8, 9, 3)
1083
(8, 9, 4)
1084
(8, 9, 5)
1085
(8, 9, 6)
1086
(8, 9, 7)
1087
(8, 9, 8)
1088
(8, 9, 9)
1089
(8, 9, 10)
1090
(8, 9, 11)
1091
(8, 9, 12)
1092
(8, 9, 13)
1093
(8, 9, 14)
1094
(8, 9, 15)
1095
(8, 9, 16)
1096
(8, 9, 17)
1097
(8, 9, 18)
1098
(8, 9, 19)
1099
(8, 9, 20)
1100
(8, 9, 21)
1101
(8, 9, 22)
1102
(8, 9, 23)
1103
(8, 9, 24)
1104
(8, 10, 1)
1105
(8, 10, 2)
1106
(8, 10, 3)
1107
(8, 10, 4)
1108
(8, 10, 5)
1109
(8, 10, 6)
1110
(8, 10, 7)
1111
(8, 10, 8)
1112
(8, 10, 9)
1113
(8, 10, 10)
1114
(8, 10, 11)
1115
(8, 10, 12)
1116
(8, 10, 13)
1117
(8, 10, 14)
1118
(8, 10, 15)
1119
(8, 10, 16)
1120
(8, 10, 17)
1121
(8, 10, 18)
1122
(8, 10, 19)
1123
(8, 10, 20)
1124
(8, 10, 21)
1125
(8, 10, 22)
1126
(8, 10, 23)
1127
(8, 10, 24)
1128
(9, 11, 1)
1129
(9, 11, 2)
1130
(9, 11, 3)
1131
(9, 11, 4)
1132
(9, 11, 5)
1133
(9, 11, 6)
1134
(9, 11, 7)
1135
(9, 11, 8)
1136
(9, 11, 9)
1137
(9, 11, 10)
1138
(9, 11, 11)
1139
(9, 11, 12)
1140
(9, 11, 13)
1141
(9, 11, 14)
1142
(9, 11, 15)
1143
(9, 11, 16)
1144
(9, 11, 17)
1145
(9, 11, 18)
1146
(9, 11, 19)
1147
(9, 11, 20)
1148
(9, 11, 21)
1149
(9, 11, 22)
1150
(9, 11, 23)
1151
(9, 11, 24)
1152
(9, 12, 1)
1153
(9, 12, 2)
1154
(9, 12, 3)
1155
(9, 12, 4)
1156
(9, 12, 5)
1157
(9, 12, 6)
1158
(9, 12, 7)
1159
(9, 12, 8)
1160
(9, 12, 9)
1161
(9, 12, 10)
1162
(9, 12, 11)
1163
(9, 12, 12)
1164
(9, 12, 13)
1165
(9, 12, 14)
1166
(9, 12, 15)
1167
(9, 12, 16)
1168
(9, 12, 17)
1169
(9, 12, 18)
1170
(9, 12, 19)
1171
(9, 12, 20)
1172
(9, 12, 21)
1173
(9, 12, 22)
1174
(9, 12, 23)
1175
(9, 12, 24)
1176
(10, 11, 1)
1177
(10, 11, 2)
1178
(10, 11, 3)
1179
(10, 11, 4)
1180
(10, 11, 5)
1181
(10, 11, 6)
1182
(10, 11, 7)
1183
(10, 11, 8)
1184
(10, 11, 9)
1185
(10, 11, 10)
1186
(10, 11, 11)
1187
(10, 11, 12)
1188
(10, 11, 13)
1189
(10, 11, 14)
1190
(10, 11, 15)
1191
(10, 11, 16)
1192
(10, 11, 17)
1193
(10, 11, 18)
1194
(10, 11, 19)
1195
(10, 11, 20)
1196
(10, 11, 21)
1197
(10, 11, 22)
1198
(10, 11, 23)
1199
(10, 11, 24)
1200
(10, 12, 1)
1201
(10, 12, 2)
1202
(10, 12, 3)
1203
(10, 12, 4)
1204
(10, 12, 5)
1205
(10, 12, 6)
1206
(10, 12, 7)
1207
(10, 12, 8)
1208
(10, 12, 9)
1209
(10, 12, 10)
1210
(10, 12, 11)
1211
(10, 12, 12)
1212
(10, 12, 13)
1213
(10, 12, 14)
1214
(10, 12, 15)
1215
(10, 12, 16)
1216
(10, 12, 17)
1217
(10, 12, 18)
1218
(10, 12, 19)
1219
(10, 12, 20)
1220
(10, 12, 21)
1221
(10, 12, 22)
1222
(10, 12, 23)
1223
(10, 12, 24)
1224
(11, 13, 1)
1225
(11, 13, 2)
1226
(11, 13, 3)
1227
(11, 13, 4)
1228
(11, 13, 5)
1229
(11, 13, 6)
1230
(11, 13, 7)
1231
(11, 13, 8)
1232
(11, 13, 9)
1233
(11, 13, 10)
1234
(11, 13, 11)
1235
(11, 13, 12)
1236
(11, 13, 13)
1237
(11, 13, 14)
1238
(11, 13, 15)
1239
(11, 13, 16)
1240
(11, 13, 17)
1241
(11, 13, 18)
1242
(11, 13, 19)
1243
(11, 13, 20)
1244
(11, 13, 21)
1245
(11, 13, 22)
1246
(11, 13, 23)
1247
(11, 13, 24)
1248
(11, 14, 1)
1249
(11, 14, 2)
1250
(11, 14, 3)
1251
(11, 14, 4)
1252
(11, 14, 5)
1253
(11, 14, 6)
1254
(11, 14, 7)
1255
(11, 14, 8)
1256
(11, 14, 9)
1257
(11, 14, 10)
1258
(11, 14, 11)
1259
(11, 14, 12)
1260
(11, 14, 13)
1261
(11, 14, 14)
1262
(11, 14, 15)
1263
(11, 14, 16)
1264
(11, 14, 17)
1265
(11, 14, 18)
1266
(11, 14, 19)
1267
(11, 14, 20)
1268
(11, 14, 21)
1269
(11, 14, 22)
1270
(11, 14, 23)
1271
(11, 14, 24)
1272
(12, 13, 1)
1273
(12, 13, 2)
1274
(12, 13, 3)
1275
(12, 13, 4)
1276
(12, 13, 5)
1277
(12, 13, 6)
1278
(12, 13, 7)
1279
(12, 13, 8)
1280
(12, 13, 9)
1281
(12, 13, 10)
1282
(12, 13, 11)
1283
(12, 13, 12)
1284
(12, 13, 13)
1285
(12, 13, 14)
1286
(12, 13, 15)
1287
(12, 13, 16)
1288
(12, 13, 17)
1289
(12, 13, 18)
1290
(12, 13, 19)
1291
(12, 13, 20)
1292
(12, 13, 21)
1293
(12, 13, 22)
1294
(12, 13, 23)
1295
(12, 13, 24)
1296
(12, 23, 1)
1297
(12, 23, 2)
1298
(12, 23, 3)
1299
(12, 23, 4)
1300
(12, 23, 5)
1301
(12, 23, 6)
1302
(12, 23, 7)
1303
(12, 23, 8)
1304
(12, 23, 9)
1305
(12, 23, 10)
1306
(12, 23, 11)
1307
(12, 23, 12)
1308
(12, 23, 13)
1309
(12, 23, 14)
1310
(12, 23, 15)
1311
(12, 23, 16)
1312
(12, 23, 17)
1313
(12, 23, 18)
1314
(12, 23, 19)
1315
(12, 23, 20)
1316
(12, 23, 21)
1317
(12, 23, 22)
1318
(12, 23, 23)
1319
(12, 23, 24)
1320
(13, 23, 1)
1321
(13, 23, 2)
1322
(13, 23, 3)
1323
(13, 23, 4)
1324
(13, 23, 5)
1325
(13, 23, 6)
1326
(13, 23, 7)
1327
(13, 23, 8)
1328
(13, 23, 9)
1329
(13, 23, 10)
1330
(13, 23, 11)
1331
(13, 23, 12)
1332
(13, 23, 13)
1333
(13, 23, 14)
1334
(13, 23, 15)
1335
(13, 23, 16)
1336
(13, 23, 17)
1337
(13, 23, 18)
1338
(13, 23, 19)
1339
(13, 23, 20)
1340
(13, 23, 21)
1341
(13, 23, 22)
1342
(13, 23, 23)
1343
(13, 23, 24)
1344
(14, 16, 1)
1345
(14, 16, 2)
1346
(14, 16, 3)
1347
(14, 16, 4)
1348
(14, 16, 5)
1349
(14, 16, 6)
1350
(14, 16, 7)
1351
(14, 16, 8)
1352
(14, 16, 9)
1353
(14, 16, 10)
1354
(14, 16, 11)
1355
(14, 16, 12)
1356
(14, 16, 13)
1357
(14, 16, 14)
1358
(14, 16, 15)
1359
(14, 16, 16)
1360
(14, 16, 17)
1361
(14, 16, 18)
1362
(14, 16, 19)
1363
(14, 16, 20)
1364
(14, 16, 21)
1365
(14, 16, 22)
1366
(14, 16, 23)
1367
(14, 16, 24)
1368
(15, 16, 1)
1369
(15, 16, 2)
1370
(15, 16, 3)
1371
(15, 16, 4)
1372
(15, 16, 5)
1373
(15, 16, 6)
1374
(15, 16, 7)
1375
(15, 16, 8)
1376
(15, 16, 9)
1377
(15, 16, 10)
1378
(15, 16, 11)
1379
(15, 16, 12)
1380
(15, 16, 13)
1381
(15, 16, 14)
1382
(15, 16, 15)
1383
(15, 16, 16)
1384
(15, 16, 17)
1385
(15, 16, 18)
1386
(15, 16, 19)
1387
(15, 16, 20)
1388
(15, 16, 21)
1389
(15, 16, 22)
1390
(15, 16, 23)
1391
(15, 16, 24)
1392
(15, 21, 1)
1393
(15, 21, 2)
1394
(15, 21, 3)
1395
(15, 21, 4)
1396
(15, 21, 5)
1397
(15, 21, 6)
1398
(15, 21, 7)
1399
(15, 21, 8)
1400
(15, 21, 9)
1401
(15, 21, 10)
1402
(15, 21, 11)
1403
(15, 21, 12)
1404
(15, 21, 13)
1405
(15, 21, 14)
1406
(15, 21, 15)
1407
(15, 21, 16)
1408
(15, 21, 17)
1409
(15, 21, 18)
1410
(15, 21, 19)
1411
(15, 21, 20)
1412
(15, 21, 21)
1413
(15, 21, 22)
1414
(15, 21, 23)
1415
(15, 21, 24)
1416
(15, 24, 1)
1417
(15, 24, 2)
1418
(15, 24, 3)
1419
(15, 24, 4)
1420
(15, 24, 5)
1421
(15, 24, 6)
1422
(15, 24, 7)
1423
(15, 24, 8)
1424
(15, 24, 9)
1425
(15, 24, 10)
1426
(15, 24, 11)
1427
(15, 24, 12)
1428
(15, 24, 13)
1429
(15, 24, 14)
1430
(15, 24, 15)
1431
(15, 24, 16)
1432
(15, 24, 17)
1433
(15, 24, 18)
1434
(15, 24, 19)
1435
(15, 24, 20)
1436
(15, 24, 21)
1437
(15, 24, 22)
1438
(15, 24, 23)
1439
(15, 24, 24)
1440
(16, 17, 1)
1441
(16, 17, 2)
1442
(16, 17, 3)
1443
(16, 17, 4)
1444
(16, 17, 5)
1445
(16, 17, 6)
1446
(16, 17, 7)
1447
(16, 17, 8)
1448
(16, 17, 9)
1449
(16, 17, 10)
1450
(16, 17, 11)
1451
(16, 17, 12)
1452
(16, 17, 13)
1453
(16, 17, 14)
1454
(16, 17, 15)
1455
(16, 17, 16)
1456
(16, 17, 17)
1457
(16, 17, 18)
1458
(16, 17, 19)
1459
(16, 17, 20)
1460
(16, 17, 21)
1461
(16, 17, 22)
1462
(16, 17, 23)
1463
(16, 17, 24)
1464
(16, 19, 1)
1465
(16, 19, 2)
1466
(16, 19, 3)
1467
(16, 19, 4)
1468
(16, 19, 5)
1469
(16, 19, 6)
1470
(16, 19, 7)
1471
(16, 19, 8)
1472
(16, 19, 9)
1473
(16, 19, 10)
1474
(16, 19, 11)
1475
(16, 19, 12)
1476
(16, 19, 13)
1477
(16, 19, 14)
1478
(16, 19, 15)
1479
(16, 19, 16)
1480
(16, 19, 17)
1481
(16, 19, 18)
1482
(16, 19, 19)
1483
(16, 19, 20)
1484
(16, 19, 21)
1485
(16, 19, 22)
1486
(16, 19, 23)
1487
(16, 19, 24)
1488
(17, 18, 1)
1489
(17, 18, 2)
1490
(17, 18, 3)
1491
(17, 18, 4)
1492
(17, 18, 5)
1493
(17, 18, 6)
1494
(17, 18, 7)
1495
(17, 18, 8)
1496
(17, 18, 9)
1497
(17, 18, 10)
1498
(17, 18, 11)
1499
(17, 18, 12)
1500
(17, 18, 13)
1501
(17, 18, 14)
1502
(17, 18, 15)
1503
(17, 18, 16)
1504
(17, 18, 17)
1505
(17, 18, 18)
1506
(17, 18, 19)
1507
(17, 18, 20)
1508
(17, 18, 21)
1509
(17, 18, 22)
1510
(17, 18, 23)
1511
(17, 18, 24)
1512
(17, 22, 1)
1513
(17, 22, 2)
1514
(17, 22, 3)
1515
(17, 22, 4)
1516
(17, 22, 5)
1517
(17, 22, 6)
1518
(17, 22, 7)
1519
(17, 22, 8)
1520
(17, 22, 9)
1521
(17, 22, 10)
1522
(17, 22, 11)
1523
(17, 22, 12)
1524
(17, 22, 13)
1525
(17, 22, 14)
1526
(17, 22, 15)
1527
(17, 22, 16)
1528
(17, 22, 17)
1529
(17, 22, 18)
1530
(17, 22, 19)
1531
(17, 22, 20)
1532
(17, 22, 21)
1533
(17, 22, 22)
1534
(17, 22, 23)
1535
(17, 22, 24)
1536
(18, 21, 1)
1537
(18, 21, 2)
1538
(18, 21, 3)
1539
(18, 21, 4)
1540
(18, 21, 5)
1541
(18, 21, 6)
1542
(18, 21, 7)
1543
(18, 21, 8)
1544
(18, 21, 9)
1545
(18, 21, 10)
1546
(18, 21, 11)
1547
(18, 21, 12)
1548
(18, 21, 13)
1549
(18, 21, 14)
1550
(18, 21, 15)
1551
(18, 21, 16)
1552
(18, 21, 17)
1553
(18, 21, 18)
1554
(18, 21, 19)
1555
(18, 21, 20)
1556
(18, 21, 21)
1557
(18, 21, 22)
1558
(18, 21, 23)
1559
(18, 21, 24)
1560
(19, 20, 1)
1561
(19, 20, 2)
1562
(19, 20, 3)
1563
(19, 20, 4)
1564
(19, 20, 5)
1565
(19, 20, 6)
1566
(19, 20, 7)
1567
(19, 20, 8)
1568
(19, 20, 9)
1569
(19, 20, 10)
1570
(19, 20, 11)
1571
(19, 20, 12)
1572
(19, 20, 13)
1573
(19, 20, 14)
1574
(19, 20, 15)
1575
(19, 20, 16)
1576
(19, 20, 17)
1577
(19, 20, 18)
1578
(19, 20, 19)
1579
(19, 20, 20)
1580
(19, 20, 21)
1581
(19, 20, 22)
1582
(19, 20, 23)
1583
(19, 20, 24)
1584
(20, 23, 1)
1585
(20, 23, 2)
1586
(20, 23, 3)
1587
(20, 23, 4)
1588
(20, 23, 5)
1589
(20, 23, 6)
1590
(20, 23, 7)
1591
(20, 23, 8)
1592
(20, 23, 9)
1593
(20, 23, 10)
1594
(20, 23, 11)
1595
(20, 23, 12)
1596
(20, 23, 13)
1597
(20, 23, 14)
1598
(20, 23, 15)
1599
(20, 23, 16)
1600
(20, 23, 17)
1601
(20, 23, 18)
1602
(20, 23, 19)
1603
(20, 23, 20)
1604
(20, 23, 21)
1605
(20, 23, 22)
1606
(20, 23, 23)
1607
(20, 23, 24)
1608
(21, 22, 1)
1609
(21, 22, 2)
1610
(21, 22, 3)
1611
(21, 22, 4)
1612
(21, 22, 5)
1613
(21, 22, 6)
1614
(21, 22, 7)
1615
(21, 22, 8)
1616
(21, 22, 9)
1617
(21, 22, 10)
1618
(21, 22, 11)
1619
(21, 22, 12)
1620
(21, 22, 13)
1621
(21, 22, 14)
1622
(21, 22, 15)
1623
(21, 22, 16)
1624
(21, 22, 17)
1625
(21, 22, 18)
1626
(21, 22, 19)
1627
(21, 22, 20)
1628
(21, 22, 21)
1629
(21, 22, 22)
1630
(21, 22, 23)
1631
(21, 22, 24)
1632
(1, 1)
1633
(1, 2)
1634
(1, 3)
1635
(1, 4)
1636
(1, 5)
1637
(1, 6)
1638
(1, 7)
1639
(1, 8)
1640
(1, 9)
1641
(1, 10)
1642
(1, 11)
1643
(1, 12)
1644
(1, 13)
1645
(1, 14)
1646
(1, 15)
1647
(1, 16)
1648
(1, 17)
1649
(1, 18)
1650
(1, 19)
1651
(1, 20)
1652
(1, 21)
1653
(1, 22)
1654
(1, 23)
1655
(1, 24)
1656
(2, 1)
1657
(2, 2)
1658
(2, 3)
1659
(2, 4)
1660
(2, 5)
1661
(2, 6)
1662
(2, 7)
1663
(2, 8)
1664
(2, 9)
1665
(2, 10)
1666
(2, 11)
1667
(2, 12)
1668
(2, 13)
1669
(2, 14)
1670
(2, 15)
1671
(2, 16)
1672
(2, 17)
1673
(2, 18)
1674
(2, 19)
1675
(2, 20)
1676
(2, 21)
1677
(2, 22)
1678
(2, 23)
1679
(2, 24)
1680
(3, 1)
1681
(3, 2)
1682
(3, 3)
1683
(3, 4)
1684
(3, 5)
1685
(3, 6)
1686
(3, 7)
1687
(3, 8)
1688
(3, 9)
1689
(3, 10)
1690
(3, 11)
1691
(3, 12)
1692
(3, 13)
1693
(3, 14)
1694
(3, 15)
1695
(3, 16)
1696
(3, 17)
1697
(3, 18)
1698
(3, 19)
1699
(3, 20)
1700
(3, 21)
1701
(3, 22)
1702
(3, 23)
1703
(3, 24)
1704
(4, 1)
1705
(4, 2)
1706
(4, 3)
1707
(4, 4)
1708
(4, 5)
1709
(4, 6)
1710
(4, 7)
1711
(4, 8)
1712
(4, 9)
1713
(4, 10)
1714
(4, 11)
1715
(4, 12)
1716
(4, 13)
1717
(4, 14)
1718
(4, 15)
1719
(4, 16)
1720
(4, 17)
1721
(4, 18)
1722
(4, 19)
1723
(4, 20)
1724
(4, 21)
1725
(4, 22)
1726
(4, 23)
1727
(4, 24)
1728
(5, 1)
1729
(5, 2)
1730
(5, 3)
1731
(5, 4)
1732
(5, 5)
1733
(5, 6)
1734
(5, 7)
1735
(5, 8)
1736
(5, 9)
1737
(5, 10)
1738
(5, 11)
1739
(5, 12)
1740
(5, 13)
1741
(5, 14)
1742
(5, 15)
1743
(5, 16)
1744
(5, 17)
1745
(5, 18)
1746
(5, 19)
1747
(5, 20)
1748
(5, 21)
1749
(5, 22)
1750
(5, 23)
1751
(5, 24)
1752
(6, 1)
1753
(6, 2)
1754
(6, 3)
1755
(6, 4)
1756
(6, 5)
1757
(6, 6)
1758
(6, 7)
1759
(6, 8)
1760
(6, 9)
1761
(6, 10)
1762
(6, 11)
1763
(6, 12)
1764
(6, 13)
1765
(6, 14)
1766
(6, 15)
1767
(6, 16)
1768
(6, 17)
1769
(6, 18)
1770
(6, 19)
1771
(6, 20)
1772
(6, 21)
1773
(6, 22)
1774
(6, 23)
1775
(6, 24)
1776
(7, 1)
1777
(7, 2)
1778
(7, 3)
1779
(7, 4)
1780
(7, 5)
1781
(7, 6)
1782
(7, 7)
1783
(7, 8)
1784
(7, 9)
1785
(7, 10)
1786
(7, 11)
1787
(7, 12)
1788
(7, 13)
1789
(7, 14)
1790
(7, 15)
1791
(7, 16)
1792
(7, 17)
1793
(7, 18)
1794
(7, 19)
1795
(7, 20)
1796
(7, 21)
1797
(7, 22)
1798
(7, 23)
1799
(7, 24)
1800
(8, 1)
1801
(8, 2)
1802
(8, 3)
1803
(8, 4)
1804
(8, 5)
1805
(8, 6)
1806
(8, 7)
1807
(8, 8)
1808
(8, 9)
1809
(8, 10)
1810
(8, 11)
1811
(8, 12)
1812
(8, 13)
1813
(8, 14)
1814
(8, 15)
1815
(8, 16)
1816
(8, 17)
1817
(8, 18)
1818
(8, 19)
1819
(8, 20)
1820
(8, 21)
1821
(8, 22)
1822
(8, 23)
1823
(8, 24)
1824
(9, 1)
1825
(9, 2)
1826
(9, 3)
1827
(9, 4)
1828
(9, 5)
1829
(9, 6)
1830
(9, 7)
1831
(9, 8)
1832
(9, 9)
1833
(9, 10)
1834
(9, 11)
1835
(9, 12)
1836
(9, 13)
1837
(9, 14)
1838
(9, 15)
1839
(9, 16)
1840
(9, 17)
1841
(9, 18)
1842
(9, 19)
1843
(9, 20)
1844
(9, 21)
1845
(9, 22)
1846
(9, 23)
1847
(9, 24)
1848
(10, 1)
1849
(10, 2)
1850
(10, 3)
1851
(10, 4)
1852
(10, 5)
1853
(10, 6)
1854
(10, 7)
1855
(10, 8)
1856
(10, 9)
1857
(10, 10)
1858
(10, 11)
1859
(10, 12)
1860
(10, 13)
1861
(10, 14)
1862
(10, 15)
1863
(10, 16)
1864
(10, 17)
1865
(10, 18)
1866
(10, 19)
1867
(10, 20)
1868
(10, 21)
1869
(10, 22)
1870
(10, 23)
1871
(10, 24)
1872
(11, 1)
1873
(11, 2)
1874
(11, 3)
1875
(11, 4)
1876
(11, 5)
1877
(11, 6)
1878
(11, 7)
1879
(11, 8)
1880
(11, 9)
1881
(11, 10)
1882
(11, 11)
1883
(11, 12)
1884
(11, 13)
1885
(11, 14)
1886
(11, 15)
1887
(11, 16)
1888
(11, 17)
1889
(11, 18)
1890
(11, 19)
1891
(11, 20)
1892
(11, 21)
1893
(11, 22)
1894
(11, 23)
1895
(11, 24)
1896
(12, 1)
1897
(12, 2)
1898
(12, 3)
1899
(12, 4)
1900
(12, 5)
1901
(12, 6)
1902
(12, 7)
1903
(12, 8)
1904
(12, 9)
1905
(12, 10)
1906
(12, 11)
1907
(12, 12)
1908
(12, 13)
1909
(12, 14)
1910
(12, 15)
1911
(12, 16)
1912
(12, 17)
1913
(12, 18)
1914
(12, 19)
1915
(12, 20)
1916
(12, 21)
1917
(12, 22)
1918
(12, 23)
1919
(12, 24)
1920
(13, 1)
1921
(13, 2)
1922
(13, 3)
1923
(13, 4)
1924
(13, 5)
1925
(13, 6)
1926
(13, 7)
1927
(13, 8)
1928
(13, 9)
1929
(13, 10)
1930
(13, 11)
1931
(13, 12)
1932
(13, 13)
1933
(13, 14)
1934
(13, 15)
1935
(13, 16)
1936
(13, 17)
1937
(13, 18)
1938
(13, 19)
1939
(13, 20)
1940
(13, 21)
1941
(13, 22)
1942
(13, 23)
1943
(13, 24)
1944
(14, 1)
1945
(14, 2)
1946
(14, 3)
1947
(14, 4)
1948
(14, 5)
1949
(14, 6)
1950
(14, 7)
1951
(14, 8)
1952
(14, 9)
1953
(14, 10)
1954
(14, 11)
1955
(14, 12)
1956
(14, 13)
1957
(14, 14)
1958
(14, 15)
1959
(14, 16)
1960
(14, 17)
1961
(14, 18)
1962
(14, 19)
1963
(14, 20)
1964
(14, 21)
1965
(14, 22)
1966
(14, 23)
1967
(14, 24)
1968
(15, 1)
1969
(15, 2)
1970
(15, 3)
1971
(15, 4)
1972
(15, 5)
1973
(15, 6)
1974
(15, 7)
1975
(15, 8)
1976
(15, 9)
1977
(15, 10)
1978
(15, 11)
1979
(15, 12)
1980
(15, 13)
1981
(15, 14)
1982
(15, 15)
1983
(15, 16)
1984
(15, 17)
1985
(15, 18)
1986
(15, 19)
1987
(15, 20)
1988
(15, 21)
1989
(15, 22)
1990
(15, 23)
1991
(15, 24)
1992
(16, 1)
1993
(16, 2)
1994
(16, 3)
1995
(16, 4)
1996
(16, 5)
1997
(16, 6)
1998
(16, 7)
1999
(16, 8)
2000
(16, 9)
2001
(16, 10)
2002
(16, 11)
2003
(16, 12)
2004
(16, 13)
2005
(16, 14)
2006
(16, 15)
2007
(16, 16)
2008
(16, 17)
2009
(16, 18)
2010
(16, 19)
2011
(16, 20)
2012
(16, 21)
2013
(16, 22)
2014
(16, 23)
2015
(16, 24)
2016
(17, 1)
2017
(17, 2)
2018
(17, 3)
2019
(17, 4)
2020
(17, 5)
2021
(17, 6)
2022
(17, 7)
2023
(17, 8)
2024
(17, 9)
2025
(17, 10)
2026
(17, 11)
2027
(17, 12)
2028
(17, 13)
2029
(17, 14)
2030
(17, 15)
2031
(17, 16)
2032
(17, 17)
2033
(17, 18)
2034
(17, 19)
2035
(17, 20)
2036
(17, 21)
2037
(17, 22)
2038
(17, 23)
2039
(17, 24)
2040
(18, 1)
2041
(18, 2)
2042
(18, 3)
2043
(18, 4)
2044
(18, 5)
2045
(18, 6)
2046
(18, 7)
2047
(18, 8)
2048
(18, 9)
2049
(18, 10)
2050
(18, 11)
2051
(18, 12)
2052
(18, 13)
2053
(18, 14)
2054
(18, 15)
2055
(18, 16)
2056
(18, 17)
2057
(18, 18)
2058
(18, 19)
2059
(18, 20)
2060
(18, 21)
2061
(18, 22)
2062
(18, 23)
2063
(18, 24)
2064
(19, 1)
2065
(19, 2)
2066
(19, 3)
2067
(19, 4)
2068
(19, 5)
2069
(19, 6)
2070
(19, 7)
2071
(19, 8)
2072
(19, 9)
2073
(19, 10)
2074
(19, 11)
2075
(19, 12)
2076
(19, 13)
2077
(19, 14)
2078
(19, 15)
2079
(19, 16)
2080
(19, 17)
2081
(19, 18)
2082
(19, 19)
2083
(19, 20)
2084
(19, 21)
2085
(19, 22)
2086
(19, 23)
2087
(19, 24)
2088
(20, 1)
2089
(20, 2)
2090
(20, 3)
2091
(20, 4)
2092
(20, 5)
2093
(20, 6)
2094
(20, 7)
2095
(20, 8)
2096
(20, 9)
2097
(20, 10)
2098
(20, 11)
2099
(20, 12)
2100
(20, 13)
2101
(20, 14)
2102
(20, 15)
2103
(20, 16)
2104
(20, 17)
2105
(20, 18)
2106
(20, 19)
2107
(20, 20)
2108
(20, 21)
2109
(20, 22)
2110
(20, 23)
2111
(20, 24)
2112
(21, 1)
2113
(21, 2)
2114
(21, 3)
2115
(21, 4)
2116
(21, 5)
2117
(21, 6)
2118
(21, 7)
2119
(21, 8)
2120
(21, 9)
2121
(21, 10)
2122
(21, 11)
2123
(21, 12)
2124
(21, 13)
2125
(21, 14)
2126
(21, 15)
2127
(21, 16)
2128
(21, 17)
2129
(21, 18)
2130
(21, 19)
2131
(21, 20)
2132
(21, 21)
2133
(21, 22)
2134
(21, 23)
2135
(21, 24)
2136
(22, 1)
2137
(22, 2)
2138
(22, 3)
2139
(22, 4)
2140
(22, 5)
2141
(22, 6)
2142
(22, 7)
2143
(22, 8)
2144
(22, 9)
2145
(22, 10)
2146
(22, 11)
2147
(22, 12)
2148
(22, 13)
2149
(22, 14)
2150
(22, 15)
2151
(22, 16)
2152
(22, 17)
2153
(22, 18)
2154
(22, 19)
2155
(22, 20)
2156
(22, 21)
2157
(22, 22)
2158
(22, 23)
2159
(22, 24)
2160
(23, 1)
2161
(23, 2)
2162
(23, 3)
2163
(23, 4)
2164
(23, 5)
2165
(23, 6)
2166
(23, 7)
2167
(23, 8)
2168
(23, 9)
2169
(23, 10)
2170
(23, 11)
2171
(23, 12)
2172
(23, 13)
2173
(23, 14)
2174
(23, 15)
2175
(23, 16)
2176
(23, 17)
2177
(23, 18)
2178
(23, 19)
2179
(23, 20)
2180
(23, 21)
2181
(23, 22)
2182
(23, 23)
2183
(23, 24)
2184
(24, 1)
2185
(24, 2)
2186
(24, 3)
2187
(24, 4)
2188
(24, 5)
2189
(24, 6)
2190
(24, 7)
2191
(24, 8)
2192
(24, 9)
2193
(24, 10)
2194
(24, 11)
2195
(24, 12)
2196
(24, 13)
2197
(24, 14)
2198
(24, 15)
2199
(24, 16)
2200
(24, 17)
2201
(24, 18)
2202
(24, 19)
2203
(24, 20)
2204
(24, 21)
2205
(24, 22)
2206
(24, 23)
2207
(24, 24)
2208
(1, 1)
2209
(1, 2)
2210
(1, 3)
2211
(1, 4)
2212
(1, 5)
2213
(1, 6)
2214
(1, 7)
2215
(1, 8)
2216
(1, 9)
2217
(1, 10)
2218
(1, 11)
2219
(1, 12)
2220
(1, 13)
2221
(1, 14)
2222
(1, 15)
2223
(1, 16)
2224
(1, 17)
2225
(1, 18)
2226
(1, 19)
2227
(1, 20)
2228
(1, 21)
2229
(1, 22)
2230
(1, 23)
2231
(1, 24)
2232
(2, 1)
2233
(2, 2)
2234
(2, 3)
2235
(2, 4)
2236
(2, 5)
2237
(2, 6)
2238
(2, 7)
2239
(2, 8)
2240
(2, 9)
2241
(2, 10)
2242
(2, 11)
2243
(2, 12)
2244
(2, 13)
2245
(2, 14)
2246
(2, 15)
2247
(2, 16)
2248
(2, 17)
2249
(2, 18)
2250
(2, 19)
2251
(2, 20)
2252
(2, 21)
2253
(2, 22)
2254
(2, 23)
2255
(2, 24)
2256
(3, 1)
2257
(3, 2)
2258
(3, 3)
2259
(3, 4)
2260
(3, 5)
2261
(3, 6)
2262
(3, 7)
2263
(3, 8)
2264
(3, 9)
2265
(3, 10)
2266
(3, 11)
2267
(3, 12)
2268
(3, 13)
2269
(3, 14)
2270
(3, 15)
2271
(3, 16)
2272
(3, 17)
2273
(3, 18)
2274
(3, 19)
2275
(3, 20)
2276
(3, 21)
2277
(3, 22)
2278
(3, 23)
2279
(3, 24)
2280
(4, 1)
2281
(4, 2)
2282
(4, 3)
2283
(4, 4)
2284
(4, 5)
2285
(4, 6)
2286
(4, 7)
2287
(4, 8)
2288
(4, 9)
2289
(4, 10)
2290
(4, 11)
2291
(4, 12)
2292
(4, 13)
2293
(4, 14)
2294
(4, 15)
2295
(4, 16)
2296
(4, 17)
2297
(4, 18)
2298
(4, 19)
2299
(4, 20)
2300
(4, 21)
2301
(4, 22)
2302
(4, 23)
2303
(4, 24)
2304
(5, 1)
2305
(5, 2)
2306
(5, 3)
2307
(5, 4)
2308
(5, 5)
2309
(5, 6)
2310
(5, 7)
2311
(5, 8)
2312
(5, 9)
2313
(5, 10)
2314
(5, 11)
2315
(5, 12)
2316
(5, 13)
2317
(5, 14)
2318
(5, 15)
2319
(5, 16)
2320
(5, 17)
2321
(5, 18)
2322
(5, 19)
2323
(5, 20)
2324
(5, 21)
2325
(5, 22)
2326
(5, 23)
2327
(5, 24)
2328
(6, 1)
2329
(6, 2)
2330
(6, 3)
2331
(6, 4)
2332
(6, 5)
2333
(6, 6)
2334
(6, 7)
2335
(6, 8)
2336
(6, 9)
2337
(6, 10)
2338
(6, 11)
2339
(6, 12)
2340
(6, 13)
2341
(6, 14)
2342
(6, 15)
2343
(6, 16)
2344
(6, 17)
2345
(6, 18)
2346
(6, 19)
2347
(6, 20)
2348
(6, 21)
2349
(6, 22)
2350
(6, 23)
2351
(6, 24)
2352
(7, 1)
2353
(7, 2)
2354
(7, 3)
2355
(7, 4)
2356
(7, 5)
2357
(7, 6)
2358
(7, 7)
2359
(7, 8)
2360
(7, 9)
2361
(7, 10)
2362
(7, 11)
2363
(7, 12)
2364
(7, 13)
2365
(7, 14)
2366
(7, 15)
2367
(7, 16)
2368
(7, 17)
2369
(7, 18)
2370
(7, 19)
2371
(7, 20)
2372
(7, 21)
2373
(7, 22)
2374
(7, 23)
2375
(7, 24)
2376
(8, 1)
2377
(8, 2)
2378
(8, 3)
2379
(8, 4)
2380
(8, 5)
2381
(8, 6)
2382
(8, 7)
2383
(8, 8)
2384
(8, 9)
2385
(8, 10)
2386
(8, 11)
2387
(8, 12)
2388
(8, 13)
2389
(8, 14)
2390
(8, 15)
2391
(8, 16)
2392
(8, 17)
2393
(8, 18)
2394
(8, 19)
2395
(8, 20)
2396
(8, 21)
2397
(8, 22)
2398
(8, 23)
2399
(8, 24)
2400
(9, 1)
2401
(9, 2)
2402
(9, 3)
2403
(9, 4)
2404
(9, 5)
2405
(9, 6)
2406
(9, 7)
2407
(9, 8)
2408
(9, 9)
2409
(9, 10)
2410
(9, 11)
2411
(9, 12)
2412
(9, 13)
2413
(9, 14)
2414
(9, 15)
2415
(9, 16)
2416
(9, 17)
2417
(9, 18)
2418
(9, 19)
2419
(9, 20)
2420
(9, 21)
2421
(9, 22)
2422
(9, 23)
2423
(9, 24)
2424
(10, 1)
2425
(10, 2)
2426
(10, 3)
2427
(10, 4)
2428
(10, 5)
2429
(10, 6)
2430
(10, 7)
2431
(10, 8)
2432
(10, 9)
2433
(10, 10)
2434
(10, 11)
2435
(10, 12)
2436
(10, 13)
2437
(10, 14)
2438
(10, 15)
2439
(10, 16)
2440
(10, 17)
2441
(10, 18)
2442
(10, 19)
2443
(10, 20)
2444
(10, 21)
2445
(10, 22)
2446
(10, 23)
2447
(10, 24)
2448
(11, 1)
2449
(11, 2)
2450
(11, 3)
2451
(11, 4)
2452
(11, 5)
2453
(11, 6)
2454
(11, 7)
2455
(11, 8)
2456
(11, 9)
2457
(11, 10)
2458
(11, 11)
2459
(11, 12)
2460
(11, 13)
2461
(11, 14)
2462
(11, 15)
2463
(11, 16)
2464
(11, 17)
2465
(11, 18)
2466
(11, 19)
2467
(11, 20)
2468
(11, 21)
2469
(11, 22)
2470
(11, 23)
2471
(11, 24)
2472
(12, 1)
2473
(12, 2)
2474
(12, 3)
2475
(12, 4)
2476
(12, 5)
2477
(12, 6)
2478
(12, 7)
2479
(12, 8)
2480
(12, 9)
2481
(12, 10)
2482
(12, 11)
2483
(12, 12)
2484
(12, 13)
2485
(12, 14)
2486
(12, 15)
2487
(12, 16)
2488
(12, 17)
2489
(12, 18)
2490
(12, 19)
2491
(12, 20)
2492
(12, 21)
2493
(12, 22)
2494
(12, 23)
2495
(12, 24)
2496
(13, 1)
2497
(13, 2)
2498
(13, 3)
2499
(13, 4)
2500
(13, 5)
2501
(13, 6)
2502
(13, 7)
2503
(13, 8)
2504
(13, 9)
2505
(13, 10)
2506
(13, 11)
2507
(13, 12)
2508
(13, 13)
2509
(13, 14)
2510
(13, 15)
2511
(13, 16)
2512
(13, 17)
2513
(13, 18)
2514
(13, 19)
2515
(13, 20)
2516
(13, 21)
2517
(13, 22)
2518
(13, 23)
2519
(13, 24)
2520
(14, 1)
2521
(14, 2)
2522
(14, 3)
2523
(14, 4)
2524
(14, 5)
2525
(14, 6)
2526
(14, 7)
2527
(14, 8)
2528
(14, 9)
2529
(14, 10)
2530
(14, 11)
2531
(14, 12)
2532
(14, 13)
2533
(14, 14)
2534
(14, 15)
2535
(14, 16)
2536
(14, 17)
2537
(14, 18)
2538
(14, 19)
2539
(14, 20)
2540
(14, 21)
2541
(14, 22)
2542
(14, 23)
2543
(14, 24)
2544
(15, 1)
2545
(15, 2)
2546
(15, 3)
2547
(15, 4)
2548
(15, 5)
2549
(15, 6)
2550
(15, 7)
2551
(15, 8)
2552
(15, 9)
2553
(15, 10)
2554
(15, 11)
2555
(15, 12)
2556
(15, 13)
2557
(15, 14)
2558
(15, 15)
2559
(15, 16)
2560
(15, 17)
2561
(15, 18)
2562
(15, 19)
2563
(15, 20)
2564
(15, 21)
2565
(15, 22)
2566
(15, 23)
2567
(15, 24)
2568
(16, 1)
2569
(16, 2)
2570
(16, 3)
2571
(16, 4)
2572
(16, 5)
2573
(16, 6)
2574
(16, 7)
2575
(16, 8)
2576
(16, 9)
2577
(16, 10)
2578
(16, 11)
2579
(16, 12)
2580
(16, 13)
2581
(16, 14)
2582
(16, 15)
2583
(16, 16)
2584
(16, 17)
2585
(16, 18)
2586
(16, 19)
2587
(16, 20)
2588
(16, 21)
2589
(16, 22)
2590
(16, 23)
2591
(16, 24)
2592
(17, 1)
2593
(17, 2)
2594
(17, 3)
2595
(17, 4)
2596
(17, 5)
2597
(17, 6)
2598
(17, 7)
2599
(17, 8)
2600
(17, 9)
2601
(17, 10)
2602
(17, 11)
2603
(17, 12)
2604
(17, 13)
2605
(17, 14)
2606
(17, 15)
2607
(17, 16)
2608
(17, 17)
2609
(17, 18)
2610
(17, 19)
2611
(17, 20)
2612
(17, 21)
2613
(17, 22)
2614
(17, 23)
2615
(17, 24)
2616
(18, 1)
2617
(18, 2)
2618
(18, 3)
2619
(18, 4)
2620
(18, 5)
2621
(18, 6)
2622
(18, 7)
2623
(18, 8)
2624
(18, 9)
2625
(18, 10)
2626
(18, 11)
2627
(18, 12)
2628
(18, 13)
2629
(18, 14)
2630
(18, 15)
2631
(18, 16)
2632
(18, 17)
2633
(18, 18)
2634
(18, 19)
2635
(18, 20)
2636
(18, 21)
2637
(18, 22)
2638
(18, 23)
2639
(18, 24)
2640
(19, 1)
2641
(19, 2)
2642
(19, 3)
2643
(19, 4)
2644
(19, 5)
2645
(19, 6)
2646
(19, 7)
2647
(19, 8)
2648
(19, 9)
2649
(19, 10)
2650
(19, 11)
2651
(19, 12)
2652
(19, 13)
2653
(19, 14)
2654
(19, 15)
2655
(19, 16)
2656
(19, 17)
2657
(19, 18)
2658
(19, 19)
2659
(19, 20)
2660
(19, 21)
2661
(19, 22)
2662
(19, 23)
2663
(19, 24)
2664
(20, 1)
2665
(20, 2)
2666
(20, 3)
2667
(20, 4)
2668
(20, 5)
2669
(20, 6)
2670
(20, 7)
2671
(20, 8)
2672
(20, 9)
2673
(20, 10)
2674
(20, 11)
2675
(20, 12)
2676
(20, 13)
2677
(20, 14)
2678
(20, 15)
2679
(20, 16)
2680
(20, 17)
2681
(20, 18)
2682
(20, 19)
2683
(20, 20)
2684
(20, 21)
2685
(20, 22)
2686
(20, 23)
2687
(20, 24)
2688
(21, 1)
2689
(21, 2)
2690
(21, 3)
2691
(21, 4)
2692
(21, 5)
2693
(21, 6)
2694
(21, 7)
2695
(21, 8)
2696
(21, 9)
2697
(21, 10)
2698
(21, 11)
2699
(21, 12)
2700
(21, 13)
2701
(21, 14)
2702
(21, 15)
2703
(21, 16)
2704
(21, 17)
2705
(21, 18)
2706
(21, 19)
2707
(21, 20)
2708
(21, 21)
2709
(21, 22)
2710
(21, 23)
2711
(21, 24)
2712
(22, 1)
2713
(22, 2)
2714
(22, 3)
2715
(22, 4)
2716
(22, 5)
2717
(22, 6)
2718
(22, 7)
2719
(22, 8)
2720
(22, 9)
2721
(22, 10)
2722
(22, 11)
2723
(22, 12)
2724
(22, 13)
2725
(22, 14)
2726
(22, 15)
2727
(22, 16)
2728
(22, 17)
2729
(22, 18)
2730
(22, 19)
2731
(22, 20)
2732
(22, 21)
2733
(22, 22)
2734
(22, 23)
2735
(22, 24)
2736
(23, 1)
2737
(23, 2)
2738
(23, 3)
2739
(23, 4)
2740
(23, 5)
2741
(23, 6)
2742
(23, 7)
2743
(23, 8)
2744
(23, 9)
2745
(23, 10)
2746
(23, 11)
2747
(23, 12)
2748
(23, 13)
2749
(23, 14)
2750
(23, 15)
2751
(23, 16)
2752
(23, 17)
2753
(23, 18)
2754
(23, 19)
2755
(23, 20)
2756
(23, 21)
2757
(23, 22)
2758
(23, 23)
2759
(23, 24)
2760
(24, 1)
2761
(24, 2)
2762
(24, 3)
2763
(24, 4)
2764
(24, 5)
2765
(24, 6)
2766
(24, 7)
2767
(24, 8)
2768
(24, 9)
2769
(24, 10)
2770
(24, 11)
2771
(24, 12)
2772
(24, 13)
2773
(24, 14)
2774
(24, 15)
2775
(24, 16)
2776
(24, 17)
2777
(24, 18)
2778
(24, 19)
2779
(24, 20)
2780
(24, 21)
2781
(24, 22)
2782
(24, 23)
2783
(24, 24)
2784
(1, 2)
2785
(1, 3)
2786
(1, 4)
2787
(1, 5)
2788
(1, 6)
2789
(1, 7)
2790
(1, 8)
2791
(1, 9)
2792
(1, 10)
2793
(1, 11)
2794
(1, 12)
2795
(1, 13)
2796
(1, 14)
2797
(1, 15)
2798
(1, 16)
2799
(1, 17)
2800
(1, 18)
2801
(1, 19)
2802
(1, 20)
2803
(1, 21)
2804
(1, 22)
2805
(1, 23)
2806
(1, 24)
2807
(2, 2)
2808
(2, 3)
2809
(2, 4)
2810
(2, 5)
2811
(2, 6)
2812
(2, 7)
2813
(2, 8)
2814
(2, 9)
2815
(2, 10)
2816
(2, 11)
2817
(2, 12)
2818
(2, 13)
2819
(2, 14)
2820
(2, 15)
2821
(2, 16)
2822
(2, 17)
2823
(2, 18)
2824
(2, 19)
2825
(2, 20)
2826
(2, 21)
2827
(2, 22)
2828
(2, 23)
2829
(2, 24)
2830
(7, 2)
2831
(7, 3)
2832
(7, 4)
2833
(7, 5)
2834
(7, 6)
2835
(7, 7)
2836
(7, 8)
2837
(7, 9)
2838
(7, 10)
2839
(7, 11)
2840
(7, 12)
2841
(7, 13)
2842
(7, 14)
2843
(7, 15)
2844
(7, 16)
2845
(7, 17)
2846
(7, 18)
2847
(7, 19)
2848
(7, 20)
2849
(7, 21)
2850
(7, 22)
2851
(7, 23)
2852
(7, 24)
2853
(13, 2)
2854
(13, 3)
2855
(13, 4)
2856
(13, 5)
2857
(13, 6)
2858
(13, 7)
2859
(13, 8)
2860
(13, 9)
2861
(13, 10)
2862
(13, 11)
2863
(13, 12)
2864
(13, 13)
2865
(13, 14)
2866
(13, 15)
2867
(13, 16)
2868
(13, 17)
2869
(13, 18)
2870
(13, 19)
2871
(13, 20)
2872
(13, 21)
2873
(13, 22)
2874
(13, 23)
2875
(13, 24)
2876
(15, 2)
2877
(15, 3)
2878
(15, 4)
2879
(15, 5)
2880
(15, 6)
2881
(15, 7)
2882
(15, 8)
2883
(15, 9)
2884
(15, 10)
2885
(15, 11)
2886
(15, 12)
2887
(15, 13)
2888
(15, 14)
2889
(15, 15)
2890
(15, 16)
2891
(15, 17)
2892
(15, 18)
2893
(15, 19)
2894
(15, 20)
2895
(15, 21)
2896
(15, 22)
2897
(15, 23)
2898
(15, 24)
2899
(16, 2)
2900
(16, 3)
2901
(16, 4)
2902
(16, 5)
2903
(16, 6)
2904
(16, 7)
2905
(16, 8)
2906
(16, 9)
2907
(16, 10)
2908
(16, 11)
2909
(16, 12)
2910
(16, 13)
2911
(16, 14)
2912
(16, 15)
2913
(16, 16)
2914
(16, 17)
2915
(16, 18)
2916
(16, 19)
2917
(16, 20)
2918
(16, 21)
2919
(16, 22)
2920
(16, 23)
2921
(16, 24)
2922
(18, 2)
2923
(18, 3)
2924
(18, 4)
2925
(18, 5)
2926
(18, 6)
2927
(18, 7)
2928
(18, 8)
2929
(18, 9)
2930
(18, 10)
2931
(18, 11)
2932
(18, 12)
2933
(18, 13)
2934
(18, 14)
2935
(18, 15)
2936
(18, 16)
2937
(18, 17)
2938
(18, 18)
2939
(18, 19)
2940
(18, 20)
2941
(18, 21)
2942
(18, 22)
2943
(18, 23)
2944
(18, 24)
2945
(21, 2)
2946
(21, 3)
2947
(21, 4)
2948
(21, 5)
2949
(21, 6)
2950
(21, 7)
2951
(21, 8)
2952
(21, 9)
2953
(21, 10)
2954
(21, 11)
2955
(21, 12)
2956
(21, 13)
2957
(21, 14)
2958
(21, 15)
2959
(21, 16)
2960
(21, 17)
2961
(21, 18)
2962
(21, 19)
2963
(21, 20)
2964
(21, 21)
2965
(21, 22)
2966
(21, 23)
2967
(21, 24)
2968
(22, 2)
2969
(22, 3)
2970
(22, 4)
2971
(22, 5)
2972
(22, 6)
2973
(22, 7)
2974
(22, 8)
2975
(22, 9)
2976
(22, 10)
2977
(22, 11)
2978
(22, 12)
2979
(22, 13)
2980
(22, 14)
2981
(22, 15)
2982
(22, 16)
2983
(22, 17)
2984
(22, 18)
2985
(22, 19)
2986
(22, 20)
2987
(22, 21)
2988
(22, 22)
2989
(22, 23)
2990
(22, 24)
2991
(23, 2)
2992
(23, 3)
2993
(23, 4)
2994
(23, 5)
2995
(23, 6)
2996
(23, 7)
2997
(23, 8)
2998
(23, 9)
2999
(23, 10)
3000
(23, 11)
3001
(23, 12)
3002
(23, 13)
3003
(23, 14)
3004
(23, 15)
3005
(23, 16)
3006
(23, 17)
3007
(23, 18)
3008
(23, 19)
3009
(23, 20)
3010
(23, 21)
3011
(23, 22)
3012
(23, 23)
3013
(23, 24)
3014
(1, 1)
3015
(1, 2)
3016
(1, 3)
3017
(1, 4)
3018
(1, 5)
3019
(1, 6)
3020
(1, 7)
3021
(1, 8)
3022
(1, 9)
3023
(1, 10)
3024
(1, 11)
3025
(1, 12)
3026
(1, 13)
3027
(1, 14)
3028
(1, 15)
3029
(1, 16)
3030
(1, 17)
3031
(1, 18)
3032
(1, 19)
3033
(1, 20)
3034
(1, 21)
3035
(1, 22)
3036
(1, 23)
3037
(2, 1)
3038
(2, 2)
3039
(2, 3)
3040
(2, 4)
3041
(2, 5)
3042
(2, 6)
3043
(2, 7)
3044
(2, 8)
3045
(2, 9)
3046
(2, 10)
3047
(2, 11)
3048
(2, 12)
3049
(2, 13)
3050
(2, 14)
3051
(2, 15)
3052
(2, 16)
3053
(2, 17)
3054
(2, 18)
3055
(2, 19)
3056
(2, 20)
3057
(2, 21)
3058
(2, 22)
3059
(2, 23)
3060
(7, 1)
3061
(7, 2)
3062
(7, 3)
3063
(7, 4)
3064
(7, 5)
3065
(7, 6)
3066
(7, 7)
3067
(7, 8)
3068
(7, 9)
3069
(7, 10)
3070
(7, 11)
3071
(7, 12)
3072
(7, 13)
3073
(7, 14)
3074
(7, 15)
3075
(7, 16)
3076
(7, 17)
3077
(7, 18)
3078
(7, 19)
3079
(7, 20)
3080
(7, 21)
3081
(7, 22)
3082
(7, 23)
3083
(13, 1)
3084
(13, 2)
3085
(13, 3)
3086
(13, 4)
3087
(13, 5)
3088
(13, 6)
3089
(13, 7)
3090
(13, 8)
3091
(13, 9)
3092
(13, 10)
3093
(13, 11)
3094
(13, 12)
3095
(13, 13)
3096
(13, 14)
3097
(13, 15)
3098
(13, 16)
3099
(13, 17)
3100
(13, 18)
3101
(13, 19)
3102
(13, 20)
3103
(13, 21)
3104
(13, 22)
3105
(13, 23)
3106
(15, 1)
3107
(15, 2)
3108
(15, 3)
3109
(15, 4)
3110
(15, 5)
3111
(15, 6)
3112
(15, 7)
3113
(15, 8)
3114
(15, 9)
3115
(15, 10)
3116
(15, 11)
3117
(15, 12)
3118
(15, 13)
3119
(15, 14)
3120
(15, 15)
3121
(15, 16)
3122
(15, 17)
3123
(15, 18)
3124
(15, 19)
3125
(15, 20)
3126
(15, 21)
3127
(15, 22)
3128
(15, 23)
3129
(16, 1)
3130
(16, 2)
3131
(16, 3)
3132
(16, 4)
3133
(16, 5)
3134
(16, 6)
3135
(16, 7)
3136
(16, 8)
3137
(16, 9)
3138
(16, 10)
3139
(16, 11)
3140
(16, 12)
3141
(16, 13)
3142
(16, 14)
3143
(16, 15)
3144
(16, 16)
3145
(16, 17)
3146
(16, 18)
3147
(16, 19)
3148
(16, 20)
3149
(16, 21)
3150
(16, 22)
3151
(16, 23)
3152
(18, 1)
3153
(18, 2)
3154
(18, 3)
3155
(18, 4)
3156
(18, 5)
3157
(18, 6)
3158
(18, 7)
3159
(18, 8)
3160
(18, 9)
3161
(18, 10)
3162
(18, 11)
3163
(18, 12)
3164
(18, 13)
3165
(18, 14)
3166
(18, 15)
3167
(18, 16)
3168
(18, 17)
3169
(18, 18)
3170
(18, 19)
3171
(18, 20)
3172
(18, 21)
3173
(18, 22)
3174
(18, 23)
3175
(21, 1)
3176
(21, 2)
3177
(21, 3)
3178
(21, 4)
3179
(21, 5)
3180
(21, 6)
3181
(21, 7)
3182
(21, 8)
3183
(21, 9)
3184
(21, 10)
3185
(21, 11)
3186
(21, 12)
3187
(21, 13)
3188
(21, 14)
3189
(21, 15)
3190
(21, 16)
3191
(21, 17)
3192
(21, 18)
3193
(21, 19)
3194
(21, 20)
3195
(21, 21)
3196
(21, 22)
3197
(21, 23)
3198
(22, 1)
3199
(22, 2)
3200
(22, 3)
3201
(22, 4)
3202
(22, 5)
3203
(22, 6)
3204
(22, 7)
3205
(22, 8)
3206
(22, 9)
3207
(22, 10)
3208
(22, 11)
3209
(22, 12)
3210
(22, 13)
3211
(22, 14)
3212
(22, 15)
3213
(22, 16)
3214
(22, 17)
3215
(22, 18)
3216
(22, 19)
3217
(22, 20)
3218
(22, 21)
3219
(22, 22)
3220
(22, 23)
3221
(23, 1)
3222
(23, 2)
3223
(23, 3)
3224
(23, 4)
3225
(23, 5)
3226
(23, 6)
3227
(23, 7)
3228
(23, 8)
3229
(23, 9)
3230
(23, 10)
3231
(23, 11)
3232
(23, 12)
3233
(23, 13)
3234
(23, 14)
3235
(23, 15)
3236
(23, 16)
3237
(23, 17)
3238
(23, 18)
3239
(23, 19)
3240
(23, 20)
3241
(23, 21)
3242
(23, 22)
3243
(23, 23)
3244
