param:	T:														
	res1	res4	res5	off1	off4	ind1	ind2	ind3	L2	L3	L4	L6	L8	:=
1	0.90	0.36	0.48	0.23	0.36	0.71	0.81	0.76	0.44	0.32	0.06	0.56	0.85
2	0.90	0.36	0.48	0.23	0.36	0.71	0.81	0.76	0.45	0.33	0.13	0.60	0.80
3	0.88	0.31	0.46	0.22	0.36	0.71	0.80	0.75	0.54	0.40	0.16	0.65	0.78
4	0.86	0.27	0.45	0.23	0.37	0.69	0.78	0.74	0.60	0.44	0.15	0.58	0.75
5	0.85	0.24	0.45	0.25	0.41	0.69	0.78	0.73	0.65	0.48	0.21	0.67	0.70
6	0.85	0.22	0.47	0.30	0.48	0.73	0.80	0.77	0.70	0.51	0.25	0.71	0.65
7	0.85	0.22	0.52	0.39	0.58	0.82	0.85	0.84	0.75	0.55	0.26	0.75	0.60
8	0.86	0.23	0.60	0.51	0.69	0.92	0.91	0.92	0.78	0.57	0.31	0.79	0.55
9	0.87	0.25	0.68	0.63	0.80	0.98	0.97	0.97	0.80	0.59	0.34	0.79	0.50
10	0.88	0.30	0.73	0.75	0.88	1.00	0.99	0.99	0.85	0.62	0.33	0.75	0.44
11	0.89	0.37	0.75	0.84	0.94	1.00	0.99	1.00	0.90	0.66	0.42	0.81	0.45
12	0.90	0.47	0.76	0.92	0.97	1.00	0.99	1.00	0.95	0.70	0.41	0.76	0.54
13	0.92	0.58	0.76	0.97	0.99	1.00	1.00	1.00	1.00	0.73	0.53	0.84	0.60
14	0.93	0.70	0.78	1.00	0.99	1.00	1.00	1.00	0.95	0.70	0.51	0.79	0.65
15	0.94	0.81	0.79	1.00	0.96	0.98	0.99	0.98	0.90	0.66	0.66	0.78	0.70
16	0.96	0.90	0.82	0.96	0.91	0.94	0.97	0.96	0.80	0.59	0.55	0.80	0.75
17	0.97	0.97	0.85	0.88	0.83	0.90	0.94	0.92	0.75	0.55	0.56	0.87	0.78
18	0.99	1.00	0.87	0.77	0.73	0.86	0.91	0.89	0.70	0.51	0.55	0.83	0.80
19	1.00	0.98	0.85	0.67	0.64	0.83	0.90	0.86	0.65	0.48	0.47	0.80	0.85
20	1.00	0.93	0.80	0.58	0.56	0.82	0.89	0.85	0.60	0.44	0.41	0.82	0.90
21	0.99	0.85	0.73	0.50	0.50	0.81	0.88	0.85	0.55	0.40	0.34	0.79	0.95
22	0.98	0.75	0.66	0.44	0.45	0.80	0.88	0.84	0.50	0.37	0.26	0.70	1.00
23	0.96	0.65	0.60	0.38	0.42	0.78	0.87	0.82	0.48	0.35	0.24	0.70	0.95
24	0.94	0.55	0.56	0.32	0.39	0.75	0.84	0.80	0.45	0.33	0.21	0.63	0.90
;




param: G_T:
	G_Node	a_t			b_t				c_t		Pmax_t	Pmin_t	Carbon_Cost_t	G_Owner_t:=
#1	1		0.02000		2.00000		0.00000		30		0		1.18600			1
#2	2		0.01750		1.75000		0.00000		60		0		1.18600			2
#3	3		0.02500		3.00000		0.00000		45		0		0.78000			3
#4	6		0.06250		1.00000		0.00000		40		0		1.18600			4
#5	8		0.00834		3.25000		0.00000		20		0		0.43400			3


1	1		0.01000		2.00000		0.00000		50		0		1.18600			1
2	2		0.01000		1.75000		0.00000		75		0		3.18600			2
3	3		0.01000		3.00000		0.00000		55		0		0.43400			3
4	6		0.01000		1.00000		0.00000		50		0		2.18600			4
5	8		0.01000		3.25000		0.00000		40		0		0.78000			3
;


param: G_D:
	a_d			b_d			c_d			Pmax_d	Pmin_d	G_LDA	Carbon_Cost_d	G_LDA_Node G_Owner_d:=
1	0.02000		2.00000		0.00000		6		0		1		0.43400			19			5
2	0.01750		1.75000		0.00000		5		0		1		0.43400			24			5
3	0.02500		3.00000		0.00000		5		0		1		0.43400			5			5
4	0.06250		1.00000		0.00000		6		0		1		0.43400			15			5
5	0.02500		3.00000		0.00000		8		0		1		0.43400			34			5
;


param: RES_T:
	RES_type_t	RES_Node_t	RES_Cap_t	Wind_min_t	Wind_max_t	Wind_nom_t:=
1	SOLAR		3			5			.			.			.
2	WIND		10			15			3			17			10
3	WIND		13			10			3			17			10
;

param: RES_D:
	RES_type_d	RES_Node_d	RES_Cap_d	Wind_min_d	Wind_max_d	Wind_nom_d:=
1	SOLAR		13			1.5			.			.			.
2	SOLAR		23			1.0			.			.			.
3	SOLAR		33			0.5			.			.			.
;


param: Trans_Nodes:
	Trans_Shift_Min	Trans_Shift_Max	Trans_P_ESS_min	Trans_P_ESS_max		Trans_SOC_min	Trans_SOC_max	Trans_SOC_initial	Trans_Type	Trans_Inst_Cap :=
1	0	0	0	0	0	0	0	L2	0
2	0	0	0	0	0	0	0	L3	21.7
3	0	0	0	0	0	0	0	L4	94.2
4	0	0	0	0	0	0	0	L6	47.8
5	0	0	0	0	0	0	0	L8	0
6	0	0	0	0	0	0	0	L2	11.2
7	0	0	0	0	0	0	0	L3	0
8	0	0	0	0	0	0	0	L4	0
9	0	0	0	0	0	0	0	L6	29.5
10	0	0	0	0	0	0	0	L8	9
11	0	0	0	0	0	0	0	L2	3.5
12	0	0	0	0	0	0	0	L3	6.1
13	0	0	0	0	0	0	0	L4	13.5
14	0	0	0	0	0	0	0	L6	14.9
;

param: Trans_Lines:
	From	To	Trans_Reactance		Trans_Capacity	Trans_Status :=
#ORIGINAL
1	1	2	0.05917				158.0	1 #1580
2	1	5	0.22304				700  	1
3	2	3	0.19797				730	1
4	2	4	0.17632				570	1
5	2	5	0.17388				410	1
6	3	4	0.17103				150	1
7	4	5	0.04211				640	1
8	4	7	0.20912				330	1
9	4	9	0.55618				180	1
10	5	6	0.25202				440	1
11	6	11	0.1989				80		1
12	6	12	0.25581				90		1
13	6	13	0.13027				190	1
14	7	8	0.17615				300	1
15	7	9	0.11001				290	1
16	9	10	0.0845				120	1	#5
17	9	14	0.27038				120	1 	#11
18	10	11	0.19207				120	1		#4.2
19	12	13	0.19988				120	1		#2
20	13	14	0.34802				120	1		#6

#NEW
#1	1		2	0.05917				120		1
#2	1		5	0.22304				65		1
#3	2		3	0.19797				36		1
#4	2		4	0.17632				65		1
#5	2		5	0.17388				50		1
#6	3		4	0.17103				65		1
#7	4		5	0.04211				45		1
#8	4		7	0.20912				55		1
#9	4		9	0.55618				32		1
#10	5		6	0.25202				45		1
#11	6		11	0.1989				18		1
#12	6		12	0.25581				32		1
#13	6		13	0.13027				32		1
#14	7		8	0.17615				32		1
#15	7		9	0.11001				32		1
#16	9		10	0.0845				32		1
#17	9		14	0.27038				32		1
#18	10		11	0.19207				12		1
#19	12		13	0.19988				12		1
#20	13		14	0.34802				12		1
;

param: N:
	Vmin	Vmax	Vnom 	Dist_Type	Dist_Inst_Cap:=
1	0.95	1.05	24.9	RES1	0
2	0.95	1.05	24.9	OFF1	0.36364
3	0.95	1.05	24.9	OFF4	0.36364
4	0.95	1.05	24.9	RES1	0.36364
5	0.95	1.05	24.9	IND1	0.36364
6	0.95	1.05	24.9	IND2	0.36364
7	0.95	1.05	24.9	OFF1	0.36364
8	0.95	1.05	24.9	RES5	0.36364
9	0.95	1.05	24.9	RES5	0.36364
10	0.95	1.05	24.9	RES4	0.36364
11	0.95	1.05	24.9	IND3	0.36364
12	0.95	1.05	24.9	IND1	0.36364
13	0.95	1.05	24.9	RES1	0.36364
14	0.95	1.05	24.9	OFF1	0.36364
15	0.95	1.05	24.9	OFF4	0.36364
16	0.95	1.05	24.9	RES1	0.36364
17	0.95	1.05	24.9	IND1	0.36364
18	0.95	1.05	24.9	IND2	0.36364
19	0.95	1.05	24.9	OFF1	0.36364
20	0.95	1.05	24.9	RES5	0.36364
21	0.95	1.05	24.9	RES5	0.36364
22	0.95	1.05	24.9	RES4	0.36364
23	0.95	1.05	24.9	IND3	0.36364
24	0.95	1.05	24.9	IND1	0.36364
25	0.95	1.05	24.9	RES1	0.36364
26	0.95	1.05	24.9	OFF1	0.36364
27	0.95	1.05	24.9	OFF4	0.36364
28	0.95	1.05	24.9	RES1	0.36364
29	0.95	1.05	24.9	IND1	0.36364
30	0.95	1.05	24.9	IND2	0.36364
31	0.95	1.05	24.9	OFF1	0.36364
32	0.95	1.05	24.9	RES5	0.36364
33	0.95	1.05	24.9	RES5	0.36364
34	0.95	1.05	24.9	RES4	0.36364
;

param: LS:
	LS_Node Dist_Shift_Min	Dist_Shift_Max :=
1 	5 			-0.20  			0.20
2 	15 			-0.20  			0.20
3 	19 			-0.20  			0.20
4 	9 			-0.15  			0.15
5	24 			-0.15 			0.15
6 	34 			-0.15  			0.15
7 	22 			-0.10  			0.10
8 	26 			-0.10  			0.10
;	

param: ESS:
	ESS_Node Dist_P_ESS_min	Dist_P_ESS_max	Dist_SOC_min	Dist_SOC_max	Dist_SOC_initial :=
1	9		-1	 			1				1				5				5
2  	22		-1	 			1				1				5				5
;
param: L:
        R      	X   Dist_Status	Imax :=
#       [ohm]  	[ohm]   		[kA]   
1	2	0.0594	0	1	500
2	3	0.03581	0	1	500
3	4	0.36148	0	1	500
4	5	0.00781	0	1	250
4	6	0.08139	0	1	500
6	7	0.02193	0	1	500
7	8	0.1565	0	1	500
8	9	0.00707	0	1	500
9	10	0.21157	0	1	250
9	11	0.42268	0	1	500
10	12	0.1788	0	1	250
12	15	0.19069	0	1	250
11	14	0.08627	0	1	100
11	13	0.16504	0	1	500
13	16	0.03329	0	1	500
16	17	0.08733	0	1	500
17	19	0.24112	0	1	500
17	18	0.16587	0	1	500
18	20	0.00814	0	1	500
20	21	0.10683	0	1	300
20	22	0.16546	0	1	500
21	23	0.01297	0	1	150
22	25	0.00814	0	1	150
22	24	0.01373	0	1	500
24	26	0.20273	0	1	500
24	27	0.08627	0	1	250
26	28	0.00781	0	1	500
28	30	0.0096	0	1	250
30	33	0.08284	0	1	100
28	31	0.1437	0	1	100
27	29	0.03147	0	1	250
29	32	0.08493	0	1	250
32	34	0.09602	0	1	250


#1	2	0.0594	0	1	850
#2	3	0.03581	0	1	850
#3	4	0.36148	0	1	850
#4	5	0.00781	0	1	500
#4	6	0.08139	0	1	850
#6	7	0.02193	0	1	850
#7	8	0.1565	0	1	850
#8	9	0.00707	0	1	850
#9	10	0.21157	0	1	500
#9	11	0.42268	0	1	850
#10	12	0.1788	0	1	500
#12	15	0.19069	0	1	500
#11	14	0.08627	0	1	100
#11	13	0.16504	0	1	850
#13	16	0.03329	0	1	850
#16	17	0.08733	0	1	850
#17	19	0.24112	0	1	850
#17	18	0.16587	0	1	850
#18	20	0.00814	0	1	850
#20	21	0.10683	0	1	300
#20	22	0.16546	0	1	850
#21	23	0.01297	0	1	150
#22	25	0.00814	0	1	150
#22	24	0.01373	0	1	850
#24	26	0.20273	0	1	850
#24	27	0.08627	0	1	500
#26	28	0.00781	0	1	850
#28	30	0.0096	0	1	250
#30	33	0.08284	0	1	100
#28	31	0.1437	0	1	100
#27	29	0.03147	0	1	500
#29	32	0.08493	0	1	500
#32	34	0.09602	0	1	500
;


include 'Reducao Cenarios\Scenarios.dat';
